CHELSA_bio10_01 CHELSA_bio10_03 CHELSA_bio10_05 CHELSA_bio10_15 CHELSA_bio10_17 CHELSA_bio10_18 PROBAV_LC100_global_v3.0.1_2019.nrt_Shrub.CoverFraction.layer_EPSG.4326 PROBAV_LC100_global_v3.0.1_2019.nrt_Grass.CoverFraction.layer_EPSG.4326 PROBAV_LC100_global_v3.0.1_2019.nrt_Tree.CoverFraction.layer_EPSG.4326
237 604 318 43 90 233 21.7912000966917 33.9728864121536 18.110434124827
215 638 242 41 174 387 2.4340158147381 6.30642074619218 2.70578770727219
271 620 346 119 4 88 57.4919141750263 22.4838900314069 16.7442695581465
225 553 315 91 0 69 13.4201148264655 20.4070210229526 54.3092261748659
229 575 292 81 32 312 25.8117641682762 26.8825041738962 41.1885112829277
208 800 260 45 142 239 19.2738097035979 33.2790967069866 20.3558335147759
175 667 259 47 143 217 11.3027808907023 22.7838190464462 11.686418147246
230 573 312 109 0 66 15.4551897094926 31.1800782444768 3.64605774608548
242 570 309 86 38 283 21.9206848533916 24.1698565999918 53.6659048020449
152 614 225 50 75 435 12.4870518694416 24.527046517203 10.7078515060896
268 611 337 95 14 102 40.8843447569298 46.1215082681426 4.50872071941581
200 626 264 42 119 286 13.6513498188211 9.1194195858483 75.4171888226769
217 758 276 33 215 331 16.8324933932205 21.1122174594797 26.6563317111678
247 577 314 87 32 256 25.2078747746828 38.0515471239831 26.6229099018395
213 681 242 37 219 376 9.26733221346322 29.1104102157268 37.9357826671224
201 569 292 100 0 165 17.0610910600873 19.9200029371233 27.048744572038
171 592 251 66 61 285 14.2189649083391 21.680597720326 21.9946471122227
287 623 368 129 1 46 15.9113609544924 53.8035133158378 2.13364804160859
194 739 265 56 54 230 24.8934577553146 40.2604179130125 11.7280356405997
243 670 305 117 9 161 31.0739396344463 25.9282026729986 16.7790160604729
218 652 286 96 19 227 15.0714096760969 20.3666600287807 6.31377425846425
234 632 306 57 34 121 36.6028887519247 42.7560884102381 6.78357062665187
259 515 317 53 69 124 25.3501725097436 30.8913977794176 17.922074004312
213 729 285 32 164 206 10.5427369332631 34.322921352757 13.6371234156896
187 705 258 74 46 391 20.9737151424919 29.5435148271636 30.1240661990004
226 630 296 35 151 277 15.5854228052292 31.3678648928678 10.8592457232551
225 686 259 66 38 69 0 0 0
163 678 236 70 21 150 11.9150730372426 4.51752422742327 73.8980852872677
239 637 315 54 45 142 18.2882993877457 71.7356893798629 9.97600821869312
190 549 276 102 1 114 16.7043341498235 27.0397352986841 18.2449979021746
166 643 223 64 116 363 1.98080876218489 1.28007666553115 94.4037751653874
215 523 308 91 3 109 25.6926814062349 38.5478219848613 31.8285223246689
210 662 279 98 19 261 17.0532428163327 28.5636447477135 8.29972032564094
285 694 352 58 43 102 11.997479007533 86.7758921852809 0.151348771346038
210 705 244 31 274 759 0.0109656047545867 0.0137070066938533 99.9753278489317
237 533 294 73 4 50 0 0 0
115 609 186 57 86 245 9.78408257818576 41.1932445429884 19.2419202270666
271 697 339 48 48 133 24.972062880754 66.5113220605767 1.96871348339327
285 625 365 125 1 56 37.2245738454196 46.7121390000572 3.23452259269988
301 718 370 84 9 80 0 0 0
287 720 357 68 23 56 28.0417411467525 52.3909347798681 4.13430042902357
208 633 265 52 134 287 31.1705032436231 22.6261834340415 45.7423525284918
266 610 335 52 64 138 14.939445972713 76.7639865037472 8.29656554610522
260 611 338 116 5 95 47.7158760117841 36.3455841596849 12.5355335275049
201 773 254 42 182 210 23.1567077653907 35.0424956377176 13.7850450320375
219 592 298 75 5 55 11.9711423209618 15.7112435868346 59.1586895234259
288 735 356 80 12 66 12.0314366818552 34.9114805297418 0.101733193289728
184 771 239 34 94 151 14.2517801427422 27.9913295019692 23.5399741745582
246 556 314 87 33 468 7.71080179723484 11.66533052624 4.80164261977216
237 586 322 110 0 57 15.5704750185647 33.4422300852896 5.10195273398976
262 644 342 72 33 84 16.1349135919778 64.9192706470982 0.0201039438974757
174 678 257 40 144 253 13.9428998685402 19.9882828727335 25.080995414565
213 725 271 52 101 128 10.7492538978915 48.3939621871177 6.43470471480962
271 552 336 56 48 110 50.2890622073528 34.1268751444586 7.84092903000958
220 569 300 70 63 210 21.5464919020584 25.8406784475847 47.9886925450762
247 540 320 88 28 450 8.31452931667828 44.4603646519263 8.46587540767515
262 573 335 63 45 105 23.0164995686044 60.7098074908765 16.2736944481009
225 546 318 97 0 181 14.9907686784197 30.0268281207128 24.3110314421919
229 517 309 90 21 185 8.91784412767614 3.03595212160965 88.0202705977731
172 641 248 87 6 202 9.66943121418062 31.7145647089339 8.0610584948959
222 693 259 29 331 838 0 0 100
217 667 265 29 218 346 0 0 100
227 528 305 90 19 157 13.9270781015507 9.78505868978779 76.2878631628643
246 564 312 83 32 398 7.64486602003182 3.256183940899 89.0977723489498
252 636 301 81 56 214 26.9726561601731 24.0864474391642 25.1310184514979
261 549 337 71 32 85 16.077289915751 72.3460939645713 11.5766151038196
225 583 313 105 0 92 19.760374287686 31.4761056763157 14.2534337791116
238 563 306 69 26 146 28.7886245815347 38.8338855111363 11.9803016787638
261 533 340 77 23 68 30.8723975785197 42.1314853171805 26.9961185203484
206 627 282 91 3 158 11.5572057994175 41.2531857506417 5.04840050591572
227 575 302 79 38 182 25.8264305337186 47.8982458053944 7.99649585206617
204 586 285 72 14 85 15.8175465852185 37.4865298436774 14.4848090615914
237 590 315 61 29 67 4.38565612679723 4.77486516801576 90.8394771957457
217 571 308 102 0 117 21.5393203065294 30.7335170649233 18.0638797315658
223 655 287 40 152 176 26.7062320019411 37.823551123167 14.6470234045867
205 706 271 56 32 121 20.3138851917894 31.7494312456616 15.7222841019388
191 738 253 47 84 147 15.4357148952527 29.1375136484966 8.90832376846377
260 634 332 86 28 85 60.0107161171268 28.91430367788 8.61488485767258
266 642 335 112 4 80 11.3977812912591 75.7580308428645 0.0114234107374309
209 562 291 74 6 53 11.3027356200674 27.2346150563097 8.56451587055916
233 604 312 43 107 279 18.0350371899544 29.2408088556932 15.3044638176118
219 684 254 45 160 332 0 0 0
237 653 311 52 48 143 27.9479981540078 33.9981087942386 24.7220885504587
190 811 234 29 187 258 14.1105127206476 7.76695246281502 45.3712871678075
240 485 326 100 0 181 0 0 0
286 654 355 54 75 165 16.7416531941114 80.338503665903 0.775302701385326
262 513 348 84 9 46 23.6171040498008 52.8153438709117 23.5675528144779
180 552 256 95 9 375 19.2404128463989 23.9400683140966 45.6400624701553
262 522 345 82 12 53 32.2546443054273 34.7531189033851 24.5613800564796
151 604 229 106 16 192 7.30503280424703 29.6600793263009 6.70806958874755
215 576 305 102 0 116 19.7789367495799 29.8206765599096 14.5672636320786
226 569 315 106 0 74 17.7389913647907 53.29513740029 9.47386721988894
213 499 296 106 0 59 20.7852103283143 23.5640263300708 55.100569153086
269 561 332 56 52 114 30.5386282401955 47.3789132251123 7.95756485814637
243 688 304 115 3 160 39.3012987243882 21.8919973244263 28.4423428155235
148 673 225 53 151 220 10.7839733466219 33.9686648812834 11.0936348390074
206 731 271 91 48 719 3.14075113471639 6.34366588014921 12.7913723124491
225 554 315 91 0 71 13.7946354892584 26.7706303759594 46.2539110011204
229 548 321 95 0 40 12.3242473409714 36.7948810340365 26.3452815205469
179 560 270 100 0 199 13.2633074902393 21.8154169905361 37.0445441308581
205 502 303 104 0 233 16.299035417129 30.0321496227089 23.2506214439407
238 557 309 88 29 236 20.5166763109447 15.4793328395702 60.422698809127
215 787 259 37 122 374 0.10817090197566 0.112273990580667 99.7795555581299
185 769 236 39 205 209 13.5169963563022 24.2320667980908 10.4028841668397
149 560 233 67 93 333 17.8688049878397 23.9976514292286 34.8467926750002
261 517 348 83 8 44 22.05838052701 59.5762351329032 18.3653844041759
228 595 304 64 15 118 18.5275618973092 21.3740801893134 60.0983590947734
223 648 298 82 8 71 5.77975501188652 31.2705220175684 2.96373236273931
161 599 241 95 26 199 17.1480376543257 24.7350613579068 27.8153920439831
165 725 224 46 63 237 13.2049505351869 36.9173735863141 19.8308498891335
223 663 297 77 14 79 9.90320447136937 35.1160231009542 5.46875437692297
234 577 322 111 0 53 21.2557122189905 44.1335899146261 9.30425398908021
261 552 315 59 44 99 29.7904764066647 30.8447001145475 34.3958383615359
201 651 276 84 23 217 8.64530015014804 35.0367557458 3.51776022752548
235 597 311 57 39 161 3.49668229152218 2.30780459780729 94.195513552783
195 636 277 65 89 131 29.5550192931593 45.8020348251032 16.4395655762996
239 514 313 61 71 187 18.427250267072 29.8143797386665 42.9083186728078
231 641 307 115 9 118 49.939820275727 27.7612911268915 16.5469409801037
214 654 230 44 235 512 0 0 0
258 620 333 112 8 91 45.9088217875225 41.262967744743 5.25018052636132
208 506 306 93 8 263 12.1764944394285 30.2682058740371 10.3846318083042
223 789 265 27 295 543 0 0 100
231 762 270 29 379 651 0 0 100
219 646 261 31 289 493 0 0 100
191 691 266 65 40 270 17.3628532762538 35.3537884649013 15.0768321263905
236 465 319 98 6 97 0 0 0
234 614 310 52 64 190 29.6665735444701 41.0550899300521 20.4535162282418
225 625 304 108 12 136 42.5956587703668 41.6003600473153 9.40637169939151
189 579 269 80 53 254 12.052398416965 20.241361102845 16.7306241624238
212 637 271 29 210 221 0.111658830474686 0.324784674609254 99.5635572918862
200 556 284 109 0 62 9.24727001568156 26.2110420325521 3.91650194846933
179 601 254 79 53 238 13.6559796191213 11.57937927533 69.6678595236992
186 653 251 39 120 149 12.0788190629661 27.788350329571 46.6766474505219
222 683 284 39 144 144 19.9117591535961 33.2306133617316 18.9266372293729
221 664 285 61 19 108 0.853361633385469 3.87891661151225 0.672345533911327
175 623 245 63 52 204 16.824692944697 32.5008658863835 12.9962102245567
217 576 307 101 0 103 12.6489183266552 47.5186583162341 7.53132342885855
214 605 296 54 105 299 26.5601643104536 41.2443869294481 16.1799550763567
192 549 278 88 15 144 14.6778223898294 19.3624271139539 39.5758819164121
149 731 215 79 130 853 12.2848504583206 6.38930290715497 73.5405422497577
252 626 318 44 97 212 29.2167915323387 49.4919158573111 21.2912927157506
242 481 334 92 13 154 8.09144720379256 27.914080064737 7.64611202078635
232 594 304 84 17 157 25.2537126929786 43.4142686291356 4.52719188703578
188 598 258 78 58 246 19.154627772965 15.967715854515 50.2344170179996
200 499 283 101 0 52 14.9768153300153 35.1493190299801 22.3111215659314
237 534 330 100 7 74 37.2588431594005 25.5266156419819 36.3423635015236
223 744 249 64 48 71 0 0 0
270 638 338 118 3 67 17.3108019075364 74.277338150707 0.441770592213819
210 687 285 64 36 115 17.6424441452769 36.2020884950859 17.893615824352
224 634 286 66 24 74 13.1806312241664 31.3872303852962 5.85125462564711
213 786 234 46 218 522 0 0 0
230 624 301 39 127 146 0 0 0
186 651 251 41 107 134 20.7193282457712 32.9042847568608 27.8361562803571
195 741 263 36 134 302 8.79731927967096 40.9131842353303 5.798225624109
163 800 207 27 223 405 13.5182798649614 36.1134702184701 17.8405893143639
229 543 305 62 42 244 22.8164641321044 43.4507344738375 8.88840805831343
205 602 281 85 37 159 21.9289974640745 27.2304249287278 25.118107862793
214 581 292 83 27 261 15.7607142230372 34.0747810944825 6.24084908592944
197 591 265 98 9 340 10.9245180026614 33.4201039303773 5.18391514063636
299 733 368 76 12 53 13.3887668969084 33.5016858804339 1.05972933326005
213 612 266 35 233 455 0.166632794323053 0.300218518579595 99.5331498163319
218 693 281 41 133 134 16.3552357722708 32.8380557501339 21.8710516854233
169 606 241 64 56 191 15.8069748789845 14.447287568127 54.1753852455991
281 722 348 75 33 123 27.764563289535 69.8028365647607 2.04639539639736
195 721 251 35 213 251 18.4380579303698 38.9404524793462 21.0065375052519
202 777 258 38 116 196 12.5153176902506 32.1710642114224 10.9021953182223
227 642 272 31 238 442 0 0 100
285 627 365 126 1 56 21.7746807093498 57.7708312604226 1.95228223387304
201 673 284 44 85 111 13.6976222928081 30.6016120522884 14.3640561097863
172 593 249 87 41 227 12.8408530982686 23.9638957258993 21.6421094906567
214 576 301 64 73 223 18.3625113804403 35.1254587629168 12.532637103528
231 661 303 55 33 114 23.2680727088959 48.1411800765941 18.1320975021912
262 582 322 64 51 103 47.311071149278 35.7016209829312 8.64446630386107
218 762 257 39 227 887 0.0180434458020313 0 99.9571466776816
243 561 312 87 45 288 22.9387947869265 15.073870175337 61.9873353600764
209 694 277 55 28 121 10.0929376667156 27.2690613164898 6.30834626942565
288 726 358 70 21 56 13.8904939907952 35.6024025967867 1.52716350570152
239 571 305 79 29 359 8.27185443812138 22.1995144971753 5.88862947227965
204 500 297 102 0 175 13.7500797139951 37.0720788433622 11.0615916993786
234 529 330 110 4 84 22.0931591837992 19.3853623810913 45.6037010461699
217 620 276 49 134 240 3.88960056619889 0.50436090989496 93.3398017336925
245 580 314 67 53 116 24.0274442430754 15.6346543273017 60.337901237215
172 644 228 48 155 446 12.0639363236889 9.58522637530188 69.714047742399
265 596 336 58 52 115 20.0604031030779 69.6643524825356 10.2752434077548
231 683 304 73 23 286 18.175466122509 46.5613579041058 2.53115724600186
207 650 278 89 17 182 11.0846609051635 18.4819174162962 8.92144114158044
206 532 300 102 1 175 23.7176846058394 22.8345721344322 18.6424034678707
295 682 365 66 44 131 19.0274005443182 77.1405283086945 0.00319795515559492
282 723 350 69 23 59 25.696587062467 69.1666071028901 0.507014812707667
251 510 349 95 0 64 27.1934226651883 55.4246577967204 17.3320906667068
170 617 235 69 99 301 11.3666697130441 14.2455083794917 57.288801984919
176 521 257 95 11 199 20.0848063872427 24.764385390996 47.7699056927771
221 620 271 46 152 252 0 0 100
234 586 317 108 17 154 21.8641445734737 28.3506895468683 22.7458634909336
231 623 277 33 200 412 0 0 100
211 606 289 91 24 222 13.9765150399205 44.6118980221151 4.90255381256099
147 626 210 61 131 423 1.79027605289034 0.322519668606225 97.724908547228
199 551 274 94 8 270 24.6873686197421 34.083041483128 21.906019600798
211 685 249 34 209 336 18.1308507187753 26.8376260468701 27.9313620394001
225 596 308 91 31 62 46.781453635307 18.1257840122077 27.8331736830809
211 620 295 70 58 179 23.7449977700025 54.0147542482886 5.25993416664007
217 713 278 41 143 162 18.3874581265183 12.1001088979838 62.1909918402564
188 576 262 75 41 183 18.0472933963585 29.337998985713 31.2775050291976
207 755 251 48 158 190 17.0707988130859 31.9602269265551 15.7371584129194
206 745 262 48 122 167 21.2414913047222 35.1410589210196 10.835289143241
199 574 285 74 34 171 29.0364591682139 22.233325944751 37.3786723975716
154 640 213 65 89 233 19.5334582924596 22.1294097250836 36.7217176461134
205 665 266 28 161 175 6.27831318272201 3.59579203083865 85.9067662000652
175 703 252 32 178 256 15.6007003580442 16.767940161026 52.8400541233242
168 587 243 73 52 288 13.2970140269089 24.9036144390585 21.7491090880631
215 614 301 75 45 156 23.1798962205627 47.5026516944771 16.1907837662938
287 668 365 72 27 82 5.13735784759824 20.1920273171969 0.000456627539267638
194 651 257 34 150 171 14.7155104341491 25.9349161862534 57.4840697230236
176 601 255 65 30 285 8.70931785878144 28.6362610552148 7.71488036444192
186 698 262 45 117 298 13.3769261373993 39.6196736808309 12.3439125907938
277 715 349 51 47 79 23.9854518157805 65.6929770894949 3.4006521757142
148 584 224 74 40 149 7.1702954477185 14.0433605488197 3.42306369527584
215 634 295 42 76 156 23.6332950955197 36.0818140676188 38.8389906776703
186 674 267 46 95 129 10.4505929134146 38.4001161773 9.17631198819718
189 721 264 49 70 126 15.9302078998381 50.6131727335755 5.21474121932563
226 631 290 43 120 285 28.375584285439 48.2998836497166 18.8975544971898
199 631 268 75 42 154 18.2035790509684 26.7305551276829 30.9834016277313
163 790 212 29 167 230 4.44354327666346 35.5179164336933 52.3605257006827
262 623 325 91 24 126 32.7647941505338 47.1204044236579 11.5910295758935
222 567 308 80 2 133 8.20569880666013 64.8967064865032 4.50797596756398
238 618 303 37 102 235 30.3087873833533 44.8021730590398 24.4611913024558
250 591 316 87 17 130 25.1696670397143 44.6136721558331 5.79931189918367
154 607 229 53 58 365 7.48563975831929 26.7116037784261 8.57939615864605
213 614 274 33 207 225 0 0 100
262 660 337 77 13 200 0 0 0
147 595 226 118 25 221 6.76205497034901 16.8458600386074 3.67964705409325
225 538 319 97 0 38 14.6969619020273 17.5922727563123 40.0107662317568
213 651 283 99 17 234 16.2072386669641 24.6849844866479 13.7717149700529
228 731 265 29 233 607 0 0 100
130 580 207 69 49 183 12.3544067554308 33.877581841647 14.259409436018
229 623 314 63 56 82 49.1839022256524 27.4696683983618 23.1363537801724
270 630 339 46 64 145 35.3391724674952 20.4438301655775 44.2169988160412
225 683 292 104 28 245 9.03084822395492 14.8487569763693 10.5880324275381
228 614 307 37 124 280 12.5539496419069 27.911719974473 11.00086235057
236 525 323 95 0 55 12.5905804146116 70.3439734538389 13.0116761857713
278 691 346 45 50 136 20.7671476261335 75.9880068841458 2.80593992220007
217 699 268 41 127 464 0 0 100
223 567 308 80 4 127 10.2732380086367 84.9436848148105 1.40486876340137
260 564 332 66 42 102 24.5770358453672 62.2130263305376 13.2099386249569
181 682 246 52 48 220 15.6731180091256 32.2063379205901 28.1322464448466
239 540 307 76 3 49 0 0 0
191 598 276 63 60 195 18.8508540934524 28.7232132215331 35.4723648884286
206 624 271 33 182 201 0.0164586311141873 0.00601078124388735 99.9775300728975
243 639 313 83 42 149 55.0068762822675 27.0681859777305 15.4794545388517
139 679 198 52 76 292 17.5350566565862 35.1585982205087 23.809801684692
261 548 337 71 32 85 19.5485968359806 66.4796798891481 13.9717231982992
201 520 291 92 9 122 15.8995002699311 28.3609166780014 27.057396645658
212 623 295 67 79 112 23.8776644057383 49.7463983407366 10.8050274766374
215 746 287 59 55 270 30.8897826166487 25.7348117053353 23.2715943535961
226 527 318 96 0 36 17.84084731137 26.1618408238286 36.8552431830277
225 739 289 43 102 239 13.7083635177125 30.3480116701285 8.85389388372611
229 775 296 67 41 134 41.3174842405324 20.6194193716731 27.4592619414527
227 605 310 92 25 68 57.2497218489008 20.1081367977659 17.4814527388717
192 619 263 52 88 277 24.6591687740485 30.0964524140618 22.5404937398029
165 572 249 96 36 150 14.2065580436219 21.0096479325245 28.4880164986938
238 612 317 49 75 200 28.565130161929 32.9729761892767 18.6686540511357
221 707 290 53 46 103 36.2441220427098 36.7573852340993 21.3520977432535
219 615 295 70 8 77 16.4519368011912 31.6563553310882 6.45177238116848
260 605 323 90 25 109 41.1791239874167 45.1751673894435 7.25732953405055
216 620 295 114 13 171 44.7101251972094 27.2821439291131 14.952133562125
215 564 304 80 3 173 14.0499471232725 34.6800846061218 13.3919144471096
226 552 319 96 0 34 11.0093722919238 27.7479779204342 29.7349549735972
256 594 336 114 7 85 40.826725093479 44.446643345241 6.57268369991532
247 513 347 107 3 62 28.4576528196345 33.3921928810552 37.8373857411084
249 618 328 59 42 141 31.5180469347668 44.5915177832887 22.9882772284391
259 701 333 46 45 70 31.5692198085072 59.3959637462103 4.03130512388389
211 789 264 44 131 138 17.1947637354321 38.5011662642395 16.9037663350937
206 747 246 36 228 429 18.7883360870767 33.6726420986877 20.6043148700364
165 607 227 60 38 115 17.3115963409493 32.7789455726081 25.0964932468579
270 621 343 108 11 31 31.4958027344524 57.0311302701059 1.93339632713859
198 742 238 26 496 917 0 0 100
219 628 296 80 13 224 28.5445292196923 36.7925725669048 11.3068897987938
238 548 314 93 7 227 19.4269878335018 34.5289836617616 14.8407850680237
193 658 265 57 24 139 18.0179285702109 33.9425422050695 19.9885640884453
121 607 199 77 33 294 11.5747349914519 28.4339697760557 16.520877196864
217 614 290 70 12 69 19.8615510479769 30.3219116942954 7.28608320424449
254 718 314 121 0 144 35.9826007654877 53.9530885268289 3.87896173529719
264 640 338 48 83 160 28.6439904443438 27.7321092502232 43.1356478684644
273 635 342 46 57 126 27.4943430927969 54.1401395882627 18.0847554482549
161 598 240 86 32 247 11.178654114804 25.3507025586799 15.1523654563224
190 583 268 44 92 302 7.32769690292854 29.4749396721265 7.97453023879008
255 499 311 60 87 155 24.3589719498795 30.36501366215 17.5645333727763
223 595 300 63 30 198 0.778321392905238 0.613627597147152 98.608053110059
272 692 345 53 45 79 21.1832224112998 64.7318466940778 2.32920008853429
188 740 260 58 67 331 18.4966218002082 41.8227265519221 5.67869552250891
225 700 301 45 98 149 36.508170100696 36.6368504083605 18.5090335608019
268 701 329 126 0 59 15.3081212463751 69.7594848146585 1.28652784945364
212 496 313 108 0 239 11.5010455620091 78.9076931911659 6.95648808951136
218 568 303 75 6 52 23.7450867093257 24.0480615544907 43.7923026348519
209 761 246 41 214 1015 0 0.00215712515673612 99.9978428254264
263 503 351 88 5 39 12.3780817287393 72.1280299652307 15.3433526658743
220 677 277 57 28 137 0 0.0152916491595109 0
206 546 290 79 10 117 21.8192641728067 30.3214582783045 33.1917755310939
290 728 358 75 19 69 21.5560958142516 41.8665511301753 5.14086413142058
233 612 309 43 105 130 16.9359238865648 31.3601407362837 11.1783907521248
218 579 281 64 38 122 19.3900737412087 28.8061743578288 28.9276917101783
221 615 306 79 37 130 38.8747835751819 31.4488037420072 15.3060986424013
244 490 339 90 31 191 8.28570711475392 22.6456527876479 17.6302095452952
223 637 268 31 254 489 0 0 100
217 509 306 98 0 291 11.880498370213 16.6149031198837 44.4147699326504
233 507 316 92 15 169 8.67459547604839 7.37108829255693 80.2698330925985
185 672 270 42 181 277 19.1444436250962 24.0954912315773 33.4202735959427
214 605 297 85 50 74 32.312766125655 30.7473421792016 16.4006990909581
139 633 201 42 178 429 17.2090823060599 18.5522326535092 52.350133843374
187 622 252 54 93 386 15.0973342838352 15.5192456273248 50.06925752156
238 637 312 85 14 209 18.1283573699836 16.0936043620115 52.3155124323878
227 807 276 35 126 190 18.400578698239 65.4732374925596 11.4342118440301
211 571 297 65 89 262 14.8634367609427 32.6597888267769 10.3968407325575
229 712 264 31 228 607 6.55649665112533 2.28588930740593 91.1384199171137
261 535 339 76 26 71 23.7121895220483 29.7172933967168 46.5705173102239
203 649 281 80 10 174 23.4559280738978 41.7011954718562 9.02573721258409
269 722 338 89 4 75 32.210599615374 61.2764328244266 4.06776699947432
248 550 317 87 29 469 11.944270645887 36.7159659583692 10.762364597163
210 531 288 90 25 215 9.61753694195289 5.39904697965411 84.9791151327911
266 498 361 93 0 75 22.3838078420649 64.6517287367818 12.9644629958083
209 552 302 102 0 128 11.9951094521874 23.0215526382595 35.4721362951811
116 629 180 63 102 378 17.8841659449032 28.3834894060373 25.3319484565486
222 580 311 107 0 84 22.5615937417029 34.741118286058 12.2766526611208
183 667 266 40 171 322 14.6516877352272 21.7681039511821 23.1180516055102
227 679 292 69 24 119 10.6440408115839 37.9693168925419 6.17059122625987
209 708 274 54 37 156 19.94115460477 36.5250740015574 11.2051005655573
264 649 333 109 7 95 8.76219686829107 81.2480401310896 0
235 678 302 109 11 204 11.1347762315612 11.4714957951665 6.55365597552825
222 621 293 97 12 156 1.4671495321524 59.943842660852 0.103474588584943
211 643 272 31 191 215 0 0 100
219 756 276 32 222 337 14.885778290372 29.6075965231376 9.66400330504212
251 536 315 51 58 135 28.1857626565458 33.8332135235433 17.2132018055674
293 708 364 85 6 44 20.6062148825014 65.9477329317549 0.390015924151982
186 572 275 110 8 96 14.1506707306004 23.6561174614821 21.4731188400343
227 599 301 65 55 173 21.2012787111053 28.2492716268396 24.9572748459008
225 536 318 95 0 44 11.9472966477402 32.9137577818457 32.0441580034792
262 517 345 83 13 51 15.9702256572128 70.6708627684688 13.358909323755
223 549 314 102 0 113 28.2312932062745 39.0221579606549 16.3493109534846
201 544 286 56 66 200 19.4481205371084 32.9116999956274 13.901489905935
171 698 251 34 213 333 13.7558716237682 4.25949481423378 76.8016011068045
220 659 296 78 14 70 7.2419026561451 42.422236049874 3.46212825063834
238 561 320 108 0 50 15.4517728513549 31.8801361536556 2.86185172862249
227 638 291 72 17 117 11.0612499492134 39.012952132 5.14648292924964
175 759 232 40 85 147 8.34798304962017 23.7091057996282 11.3252267917618
250 576 315 85 31 237 20.7184255266388 34.7206584427071 22.7205824200831
200 705 266 55 50 175 15.7027618018678 31.1108556696829 10.420274882096
245 585 312 63 65 136 0.0836389204635778 3.15299646677828 96.5390824835009
248 537 322 91 23 437 6.57112643637076 35.2678045549153 6.91595971410765
234 516 331 95 1 81 28.3253371564955 38.7321728844744 32.1551010572134
249 610 334 102 28 106 57.1345431205209 11.1292676448593 31.5582137666576
227 581 306 81 18 229 20.1888648525053 41.9340318038145 13.1498225485263
263 483 312 65 79 139 21.3239214514754 32.2498325755444 20.3743160182978
227 578 315 90 1 54 11.6917387362517 32.1591668010619 6.50990889379369
146 608 218 53 68 171 10.0484528918435 26.8631006585614 7.19778976800095
269 630 343 106 8 116 53.8767253117838 25.2873740391527 19.3375379364391
222 539 316 107 7 101 19.8127192678214 29.2116904661003 17.7547882528005
294 724 363 87 4 55 24.1666391784511 46.8470222326051 0.981058051794866
247 553 311 59 36 124 24.5610198009569 42.7266327042735 11.527659645722
258 559 331 70 38 97 30.3362335903005 33.1658916793708 34.3371523171941
170 581 255 93 11 112 13.9297159274127 29.0115077769569 16.5311416785738
206 504 297 102 0 48 17.9668005813201 28.2403529398465 36.1965883009459
243 598 321 89 17 124 20.5938392561317 66.3492739764304 2.29235578517876
232 607 308 47 75 185 16.8424503275908 26.3088558314294 13.6465640021325
265 701 325 127 0 59 21.3190484548649 65.1027033878275 0.80017137319877
250 664 323 59 72 165 40.9164646226036 34.2655806643356 24.3945003680853
224 605 300 68 32 165 27.7303353683284 51.0792333914281 4.6099436784385
265 683 331 106 10 111 9.52633281528941 65.2461657537408 0.00708312817983242
257 517 304 56 133 282 20.9287479470666 29.3148245893963 45.1592499655249
227 595 305 63 29 185 0.131677598726978 0.0358568578299439 99.8324672033914
202 593 287 99 13 159 15.8685420486199 25.4280232255795 16.9707342378657
223 627 273 30 200 368 0 0 100
283 678 351 43 52 127 5.50266147050499 94.4863076664779 0
202 691 249 31 198 313 0.00782622984437056 0.00104349728083621 99.9911302649699
233 588 294 50 99 165 0.403796277322757 1.55096414764183 98.0452383911205
228 680 279 64 38 158 0 0 0
234 585 317 93 29 116 24.5768463818513 26.5551462789514 38.6029267839864
185 764 243 38 118 189 13.0466080367681 30.3667722549621 16.2324493729854
171 759 216 28 262 436 14.551593674528 7.69074180277516 52.330169615379
215 730 266 37 159 168 22.8959029295882 36.1806002702264 13.4600122358474
249 515 340 85 3 96 25.293474845214 34.8476609436466 39.8588659170038
266 673 331 116 3 80 9.77637896618408 75.0609777537859 0.016066013209156
232 587 298 51 89 172 0 0 100
190 634 258 46 109 122 17.6999421217281 27.1622712432161 21.90977102202
249 632 322 47 72 81 15.5796363925689 31.3459388961686 13.0049807705389
248 637 318 100 30 89 52.6650466874521 26.6614018246839 16.6684013244936
287 622 367 128 1 50 15.4003292841621 54.9517144906183 1.41396067143537
214 641 282 66 18 91 18.9051454582283 28.5451142067318 13.0823598444569
216 767 270 36 188 298 16.4992088772976 21.4013015260929 24.0356479338806
230 683 266 26 320 457 0.19333860374382 0.00940657525947766 99.7972540571075
216 741 273 39 244 446 15.4819107666819 37.1976459217548 13.9489717905365
211 521 291 90 21 202 16.5600665734057 9.83032955405867 73.1645318428056
257 699 327 91 31 140 15.0290699734099 62.3073699051601 0.196263612544057
237 586 318 62 25 66 16.8627458395801 15.6604524645798 66.9942043109706
207 617 284 67 17 114 20.880072885202 21.8886060311189 39.856756590194
288 685 362 86 8 30 16.3867463569698 51.4280616752695 0.744411906904038
165 587 246 89 64 217 8.84267710695426 20.8340738628075 13.8925379024119
258 636 328 97 35 84 44.1515649527768 40.0034215100095 5.65544894165375
190 568 268 54 65 197 14.2729261374776 8.45933337366333 65.8679918504995
232 460 314 99 10 130 12.1133017811346 33.9471580855931 12.1209654812625
153 603 231 109 23 217 13.5331045041943 27.1589191868811 16.1960825268322
210 744 271 44 83 144 16.4545072503438 42.4992287291036 12.4848449204397
193 717 257 56 57 89 18.4085024751961 36.5263555698031 11.2636617676765
257 659 330 56 77 156 32.1994967145436 20.5193148665042 46.7152545625826
228 569 319 97 0 189 14.4547780563543 30.2074091639183 8.31849482330708
227 677 274 64 39 161 0 0 0
156 684 237 38 158 218 13.2174039274748 25.2421432769172 16.1110764696283
241 566 300 63 58 309 19.0030392575468 37.5986848221675 14.6601548548665
115 687 186 70 31 326 16.8079694819182 39.086253568559 29.7844663422042
206 759 264 42 110 180 25.2559409178626 41.0165004033905 8.08547366507011
221 723 241 67 32 62 0 0 0
210 782 249 32 218 612 0 0 100
250 610 332 76 63 70 49.055201370649 29.5971870129092 17.6814753340666
205 499 306 111 0 177 13.230270361209 17.6456919550695 14.9973923320676
300 722 369 80 15 83 0 0 0
268 742 335 85 30 143 16.335024099396 68.5193655514115 0.0395419859889169
226 542 318 93 0 57 13.8477682412406 23.3039003162588 45.0165181847848
246 485 322 96 0 55 0 0 0
185 663 268 45 132 261 14.5996416968896 24.890097411461 38.8201535321285
255 610 313 76 25 325 22.2931917463925 37.2760996598619 19.5559032353055
176 600 251 47 71 160 15.8608308720659 32.0377713790605 23.4061574431865
227 555 294 64 56 294 19.8350976134053 34.532042147417 19.0072474231148
233 631 304 64 32 113 31.8103704763315 40.8031154859048 12.6705688326121
253 667 314 116 6 137 44.6647704995669 24.0677338043086 30.1878725142686
239 507 321 92 12 143 10.6692788788514 9.24516817349175 77.2878164794405
217 528 296 90 25 209 10.149028459335 4.75305287321089 85.0724530498173
191 636 264 59 28 166 16.6943532339154 39.9614609277943 12.3128654517668
265 693 326 126 0 61 24.9290687758581 65.0654066040316 2.03978530859553
249 652 311 117 6 138 52.9160639218836 20.4653287930494 24.5572861992371
229 755 299 69 55 295 25.4831304498088 60.5516232422407 8.78718687479838
217 621 298 38 91 188 29.5017901339118 29.6498034809064 23.6056907539786
212 638 287 42 128 251 15.8274327945456 26.1237416782688 18.5314562973524
213 593 300 71 46 175 18.5545567366682 29.0981184276811 26.79172407698
208 622 274 40 133 162 11.8966134658375 8.88969819450766 79.1437460502209
204 675 274 55 40 213 21.8266236917151 35.6818350017092 7.75770157015991
258 558 332 73 29 81 22.7789276288893 43.9480876803857 25.2947486682593
207 803 258 44 145 241 19.6605628460708 38.0317757228276 15.5398726507195
195 713 259 54 55 242 17.0862606813346 35.8711552558634 6.50189352313602
246 620 304 80 22 186 26.2648875845376 10.9141812953626 60.6315312911698
271 632 339 120 3 67 22.1363293495213 65.4306522263991 6.03507350506803
185 681 264 51 87 222 9.97075677120444 30.6897928801929 7.47893368193246
203 625 280 91 3 160 12.7817174892514 28.5988413318573 23.9065523465328
222 761 263 53 131 188 0 0 0
220 589 300 75 5 47 17.4620879006801 24.1880796122463 54.7364661538834
249 612 334 104 26 103 49.4199356947737 25.6652058929668 19.579238665326
266 673 332 112 6 89 12.2719150439641 64.7454208451383 0.107814198755718
226 569 315 109 0 81 30.2340732992343 39.6884797460725 11.3387068065713
226 742 287 44 101 255 6.71858839884597 53.2313787275843 6.66641008733796
192 548 282 99 11 102 11.4289784493866 24.1252985736428 10.9809019492854
245 631 320 110 9 129 52.1966501836311 19.263568033345 27.2991408645748
273 693 345 54 39 73 15.2419083697644 73.0968950427002 1.26344924795671
274 624 346 106 18 48 27.3173052440762 61.8670325684543 1.4967214503093
242 594 320 92 18 104 24.3463602126445 70.2793141171675 2.17513401670299
232 580 312 85 31 184 21.9575252501879 44.7670378506119 11.0505742832614
182 683 263 45 76 100 8.28694567426116 18.5349860507271 10.1920830818676
264 617 329 88 22 128 46.7088695868605 44.062091260942 6.20466160612514
215 641 281 64 20 101 19.0418010514547 30.8063167992704 7.01532480950372
231 552 309 75 4 43 24.7891029195487 33.5284417953125 40.6576992328485
231 599 305 58 47 99 1.72189407804397 4.60311773156184 93.6749871992138
203 510 292 98 0 75 18.7616285658947 17.2499813720777 62.7966780218056
263 706 323 126 0 60 27.212608152354 60.7633842138467 3.31066507496808
202 591 266 61 51 159 20.0692803047283 25.1577525673008 35.5490162535485
230 704 266 27 277 533 0 0 100
168 691 245 41 153 237 11.7392441153484 1.74445496568758 84.8627483792809
215 615 295 95 0 97 9.05067174259803 28.4888151542345 3.19502082727275
189 726 260 51 84 90 20.896728394781 29.3426452870764 33.1240290889102
218 714 234 61 72 189 0 0 0
223 620 295 52 56 228 18.531774379983 41.3072167645952 5.70611218687527
200 760 258 38 96 156 9.12086624311933 19.6744016639957 11.1810614925499
260 640 336 114 3 77 52.0633467938217 29.4685538617339 15.546331019284
220 693 276 26 183 183 8.05865511468381 5.30435117470064 86.5830760047938
230 631 307 81 5 76 10.8536143100473 26.0115027940527 4.15317928486566
212 564 289 73 28 226 18.6503878616369 33.8563313411568 12.9907391875505
177 605 255 94 16 179 6.12729790647306 21.9422684037365 3.27471138406579
186 633 247 41 111 245 19.7340412635476 33.8385249676072 24.805881641584
219 594 297 80 7 115 11.6485189613719 26.13013454172 8.6148209182318
262 707 322 126 0 73 15.9180677634584 82.4512986398744 1.02289636471993
219 632 291 91 4 362 13.4202330333415 34.408708865769 6.57297187573733
250 602 316 96 13 119 29.522200047153 60.0215639830033 3.76650745010519
233 687 316 52 81 118 18.6297473155508 38.0192425704457 42.4392702381986
203 532 291 89 3 156 22.3170598112756 24.5374762177533 35.851996120606
263 647 343 73 30 79 29.429059313506 68.962880211386 0.0252772122828522
208 617 279 95 1 213 11.1977982492039 32.6579282924994 4.25025539674779
226 580 315 105 0 74 23.4305837229473 33.6851550113399 18.4900009195154
166 576 238 77 31 232 17.0249553333317 27.4888207718084 24.9102185918558
227 607 303 80 6 84 5.98795793426863 43.1901466094366 1.00270100198055
197 817 240 30 237 336 12.5907351110227 6.85761500367135 43.8126075633093
185 525 266 97 8 185 18.8099019401764 18.4409864217141 54.4107025886504
253 637 334 56 70 154 35.3861447496792 22.6163953467077 36.9403185164034
235 645 315 46 71 130 34.924187160504 39.7214764653821 16.6572687052002
247 518 327 91 15 149 10.2922097776731 73.4911674989636 3.9647998215196
232 612 306 45 79 189 23.5633859669744 44.0802907102219 17.1667333542534
227 545 321 96 0 36 10.7673726966641 41.3987416090766 11.2988356629998
205 590 282 44 68 145 14.5531317630185 32.6071002979116 15.2409248368602
215 594 287 81 15 262 21.2888246513049 25.3208440754347 17.9523625645692
165 609 242 74 24 252 4.66061511214224 17.6718270111897 6.65360013729187
167 628 231 75 85 316 16.2132721914147 22.6817796672574 40.5502203667107
168 642 223 62 142 466 3.41189591245435 0.719717678842537 93.9982101463946
277 633 346 46 76 155 40.016580280771 29.5211188576531 27.5011532791619
270 580 343 92 20 89 37.9037319380221 53.3844634238316 7.47537589220996
222 595 302 106 18 175 20.8597709818906 33.4469734779241 18.0826135046793
217 688 271 36 191 206 22.802892889216 27.5845024868527 20.8931240227058
187 600 266 111 30 217 16.6406411276092 27.8636167326798 11.621918244252
186 511 278 99 0 61 16.5472446783209 40.4863475085934 37.5435344451118
191 610 263 68 52 179 15.5028783346989 36.9416010483038 12.3404602042251
220 741 292 66 53 258 27.9152817770935 32.1798082958741 17.4054998828739
221 710 243 66 33 72 0 0 0
235 486 313 99 0 48 19.8409516265705 19.443100613398 48.8388956651087
187 745 256 27 219 260 12.6082188818223 19.1087408911081 55.0316940010182
223 632 296 90 3 300 9.96613384749551 41.3039562220322 3.65828154737193
207 717 285 44 68 105 19.9134387917398 34.2425014850963 12.9545433604643
240 606 317 99 40 159 58.5862507323873 16.9424000984013 22.3932344817982
214 613 298 57 102 287 25.4459104348355 37.3683045524649 28.0365563253095
224 601 302 79 6 98 4.24388555682998 16.3316616935697 3.50957737038826
209 698 279 44 235 476 13.3751302066948 20.7472057015878 30.4657806177771
240 609 325 91 26 117 60.6820628040918 17.9010320187778 18.0371211155922
155 627 219 50 135 361 20.1126714227491 31.3732986585574 25.7285827048696
251 619 337 61 56 143 34.7671867148475 46.5722282728965 13.2667716945668
159 684 240 46 88 122 15.3182726981777 13.6683573100815 62.2324401783201
278 704 350 82 14 92 31.1941891563399 64.1812884977097 4.5588117142883
224 741 294 71 75 386 29.7658808086761 30.7317076634876 14.9463102689929
242 518 322 89 24 200 20.6234525248114 22.843273610641 54.7278619323047
215 555 297 105 3 81 18.4749880648287 31.5374404274529 7.66663850028715
238 609 316 47 87 213 19.2806593297051 27.1354762498009 18.7388680971535
256 637 336 71 39 79 24.7831219378067 72.6690955805167 0.036628596434732
226 549 312 94 18 163 23.2426648047255 36.7207796735798 35.088000756363
237 519 329 95 0 39 17.0411180840175 36.2037122370872 43.2744737142041
229 502 327 102 3 164 16.5417295912786 40.0157688962753 8.02187525120362
216 525 307 97 0 52 13.7459288484349 17.6325966593753 37.3580789519703
224 616 301 97 0 95 22.6099199324528 23.9422028148324 16.7976369793355
209 628 292 65 69 106 26.5038769365882 55.8868372280987 10.1672228781457
237 594 321 104 0 100 18.2890751366674 38.2860935570519 5.2612579355133
189 535 281 94 11 127 16.5989875793259 25.5894210177172 28.4606707820087
103 602 175 53 90 285 14.2924082001094 28.5960896069 33.7987658045502
213 763 250 47 164 176 0 0 0
158 526 246 86 28 207 12.0413426747741 15.8480985744589 38.020575257487
250 628 327 80 14 177 14.097130484901 37.7779508673611 0.278740093052053
218 674 260 43 171 337 0 0 0
226 697 277 60 42 168 7.76615849051475 39.4006330363855 3.65719356931336
238 636 302 40 119 246 26.9861972644253 34.226549852403 36.8024138970178
210 628 276 37 132 157 11.7980747646236 8.06375332676944 79.5440608665002
226 492 319 101 0 145 26.5533000477633 33.2866825737175 31.9279224156813
226 667 269 30 256 404 0 0 100
207 563 290 75 6 52 10.2602119764461 38.9431723193117 6.1094986885148
223 529 315 101 3 121 10.4141709165079 45.8744926496956 3.17113020194934
268 632 341 108 8 87 57.1143980420475 26.913030542396 14.8110897831516
136 509 214 100 8 124 15.8504942137103 19.7990033601473 19.0779766394752
190 569 271 53 65 240 12.3528301070326 26.6543929124196 6.1458872024635
237 637 312 56 40 132 33.8508240469127 48.8590529933927 15.8403617685495
254 642 320 40 66 139 31.2537651626123 56.6106594865294 12.0407748701542
208 748 253 26 260 524 0 0 99.4878459037385
268 724 337 89 4 82 17.0508490576906 53.2307220132785 0.964199372923753
168 547 250 101 1 155 10.7821622733915 28.2857920788368 31.4448131096457
273 623 346 114 5 110 49.9147570826628 28.1100171047912 14.6613234935775
255 635 325 106 22 72 51.0118260591882 31.5252576478871 12.4422990940157
242 589 328 104 0 92 17.3121273426294 40.2752646995254 6.45550283616711
107 608 178 52 87 247 11.6071820330207 30.7093700659759 31.2074651721311
214 558 298 93 27 162 19.8618439166715 32.9906943075916 32.0539431867814
243 514 341 94 3 80 33.2222613282841 48.7623304578318 17.6807977579775
272 636 339 42 56 122 31.1668592533815 50.1709476165054 18.5278173168273
191 631 266 62 26 160 19.9213137040891 34.004614356161 20.2872565296235
170 587 250 93 35 294 12.8982617910638 32.1314387544825 13.3760606788637
170 558 255 89 28 155 13.1612784410159 24.9542791518952 21.2220262757882
214 777 234 53 156 507 0 0 0
219 578 308 102 0 126 15.7646075367401 15.2774649731207 44.8668965056056
239 537 303 73 7 37 0 0 0
274 625 352 122 1 65 29.7267725609237 69.094065285075 0.206553390377989
271 555 341 62 39 97 45.0697071825157 32.0370358643954 14.0510107759098
240 578 308 92 14 191 23.8696134933894 23.9932438049671 41.5582388987457
234 570 304 55 64 134 0 0 100
227 626 300 39 136 275 12.4788821874413 45.7276041517761 8.81135723503085
236 716 300 99 28 251 10.5160244223953 14.6087414541522 9.66407757775708
256 618 334 89 38 75 40.2850344029213 38.9858174279858 5.59895070995961
238 481 322 100 0 27 13.2675829509443 29.9187322838312 10.4297762471021
233 569 296 51 65 129 0 0 100
238 576 301 77 29 348 14.4854257735556 42.8057406036863 12.6828168000389
220 634 284 66 21 80 13.3340700335198 32.9722306943887 5.23800241836104
219 532 296 89 28 214 18.4086902847932 15.7026188458138 63.3358979268397
224 500 299 90 0 92 21.4543104863169 18.1272696686194 55.9659674742806
245 564 311 70 26 136 20.6006955104388 39.071175194894 8.3333586191689
233 613 310 51 74 214 22.5126095243444 27.9386036915504 14.2121360494524
267 611 333 87 22 122 54.2548312739037 31.7947105831667 8.1862552602262
297 738 365 76 13 62 0 0 0
205 711 269 53 59 92 22.110702214216 33.1322074021718 14.6415790117588
211 499 311 103 0 218 5.50776859244434 53.7261122173001 6.78144499934688
183 583 261 89 45 226 14.133968545668 30.1049244872145 15.9584975356655
232 602 313 45 89 242 17.4671936339711 18.171911770253 22.8338896049135
224 692 288 41 128 138 26.4659909735807 25.8705887773535 34.082233014601
243 731 299 37 140 153 16.2610936376938 55.2887573054759 11.5091192584551
177 575 258 73 49 225 14.9183744061249 19.6494799690267 34.6866404603062
248 636 320 45 78 80 35.6677772808306 18.8719056317251 45.4603170874442
226 522 319 96 0 38 16.3082734351091 34.3398110752137 24.4362077941916
206 613 280 98 1 104 21.7017940767418 26.8162220626446 24.7409783058665
239 576 307 90 19 229 24.5811272154255 23.1349101904823 49.4374303519441
224 646 304 58 108 250 32.1893634974396 33.4247788448227 28.9965523149529
207 741 256 31 180 271 10.8642101780884 20.7043736205137 22.9793786307507
219 688 238 53 129 354 0 0 0
121 638 184 56 62 234 16.3546907883126 36.6050417852941 28.9735656168013
243 750 308 96 11 155 24.6824426924968 71.5612931604608 2.10209515863679
176 652 242 45 106 125 13.9514895275517 28.24690635102 26.0357877581436
231 578 294 75 30 283 21.4556049881446 29.2684107689612 24.4410985914043
215 586 296 69 16 102 16.873533694745 34.8944220734462 13.0861411212335
229 598 312 55 89 255 19.9469175880804 41.6916300400463 15.7591981307889
152 572 232 52 62 208 12.4365122051386 26.2593644153051 22.200636338694
175 635 232 54 97 228 18.6112198922165 26.407694917925 44.9319069775412
271 705 340 57 44 102 33.0141528975052 57.6380573731279 5.77771488676402
254 616 309 68 58 368 29.0564709346095 23.0494738039145 42.3716525473228
295 711 366 83 9 58 20.8872585444905 69.9207975435611 1.44052570440022
235 650 299 117 8 153 14.7362911227645 14.3503660391509 5.35619409113966
199 634 275 89 5 242 15.6184237597407 34.8045136895278 10.0843594524037
222 607 300 102 0 101 19.7625932057309 34.4826269679695 9.71498165169282
206 649 280 61 22 141 17.6464893343739 35.8140495137961 15.112658130204
225 538 319 96 0 42 13.6086823406106 22.5148882437743 31.986511995037
245 570 302 61 55 287 22.0851039117642 37.6498849949274 13.7047789308504
146 571 224 56 57 153 15.4031416756082 28.5457277516134 26.0529973994506
225 546 319 96 0 38 14.8724060846689 26.3344300530808 28.1927348397561
213 768 231 49 196 525 0 0 0
262 509 351 86 5 39 28.2445711986018 43.4056000345396 28.3411987878204
163 701 241 33 201 280 11.1836671333549 13.3561181518479 57.6505135828393
191 549 274 52 74 212 17.2374254797276 19.5828881495295 40.3720272311508
158 617 231 48 65 366 16.3643287219272 30.121299508536 18.735827723
266 614 336 52 60 131 15.2252229922568 78.8816120024741 5.89316357544135
187 653 268 43 104 196 17.7342384506967 25.2664885243218 22.8462641024628
204 712 250 29 227 451 1.62854231513891 0.704456133617253 94.1699090527121
241 497 299 44 192 276 17.4866904689563 31.2182932695885 13.2272810049918
251 602 309 69 48 478 24.5657531618426 24.2650299549236 50.8324792400534
210 683 279 58 32 141 3.7815465041249 13.5977267438084 2.47318007798532
209 766 263 42 111 173 26.468376096244 28.7062450936542 19.8665883094487
214 558 306 98 0 203 11.7892612990111 17.2249260183212 43.4058181277474
220 712 241 54 123 343 0 0 0
238 536 328 87 13 93 22.4254238327501 31.7208416078182 34.5575273525318
263 647 330 45 70 161 30.372433792168 63.1826279201609 3.78316559654508
205 620 276 53 81 265 29.1307499044013 44.8406398454139 16.8884208085052
289 692 362 86 11 28 11.7224760269852 30.9698937798431 1.53972714832897
208 765 266 42 102 176 20.2945381811748 42.2390580134335 8.27418117495193
187 568 268 91 19 181 14.1319003336681 19.2119020013767 40.8934231740694
162 586 243 85 72 232 14.1157342177696 25.1726175996991 20.8425733931367
201 622 281 89 3 180 4.8698359905366 20.0426638160042 3.37337322913607
233 522 307 57 63 248 24.0313461086746 37.3956937055779 20.5448526454156
227 749 276 30 145 228 1.49772448597579 0.648368028312288 96.0002227926288
199 530 292 104 1 181 19.0347826773013 29.1682989202695 13.2240235441947
222 712 283 41 127 127 15.3087040793449 23.4735620739553 50.3973528567614
224 536 318 97 0 40 12.8660138934676 26.5044189734861 34.0185697056779
225 610 305 99 0 98 15.6813221002601 35.2176607081241 5.17061600834252
189 513 270 96 9 169 19.7920899614331 24.4680967061318 51.7071010597605
201 607 277 84 27 163 5.33355468990932 17.0780108503889 2.15762284712081
276 726 345 85 31 144 34.2041586950492 53.8865377454617 3.57926856665526
185 513 267 101 0 31 8.32162883349321 30.1688895044069 7.06593691461885
228 647 297 41 111 122 2.39194861966288 9.11500614616473 5.71732350581331
236 617 316 53 56 177 29.5625517784448 31.9647553616779 18.9968964866984
240 602 302 85 18 145 22.0311700571268 14.4316196885377 61.5844048319613
241 566 302 67 43 350 21.9557670702426 33.7372369166278 27.5453256781873
276 607 355 124 4 66 30.6434873701263 52.0623889459645 2.81415227373386
147 705 208 50 69 306 13.4889960683019 13.0139649963664 58.0013105957496
189 732 259 42 129 129 18.1044134991499 31.3254032636685 22.7153716425428
207 649 277 94 19 210 8.92025356488736 13.7735331449058 4.92116737373497
202 674 280 62 59 312 21.7424274333431 35.2090770856741 13.4079320265606
229 807 275 29 173 233 0 0 0
170 545 253 104 1 181 8.10972702289951 15.4481472393755 12.2407758582155
234 644 300 112 7 142 16.1821869289379 24.3767635040992 3.89082428728087
184 587 259 58 77 228 12.29934470666 1.43034922230828 85.6971345973398
244 605 306 48 92 184 32.9114655138283 19.1423855791688 47.9461497656834
232 594 300 87 17 168 33.6643904668862 28.3156448031565 18.4785651835657
241 628 306 44 78 168 23.9155824528645 57.341909885185 18.2716558123165
269 587 337 73 35 118 21.9683780159114 57.8372143562501 6.94742404845945
233 610 309 42 101 124 18.913652742034 34.5832495543057 12.6261130659985
217 769 270 30 127 178 10.6408059099247 6.6260614644702 28.7116156082157
217 721 240 59 64 77 0 0 0
245 564 311 85 30 337 8.31064000632635 13.6779416192054 5.56245562707341
220 703 291 74 28 294 17.3278914030867 28.3155136346265 21.7260418338842
227 639 303 117 12 152 45.6516648928227 26.4054616265246 15.959062877815
220 619 281 52 92 236 23.7204562935787 24.1771112799185 26.7812372280133
199 544 282 81 8 132 18.5929245357543 28.850285858416 25.2978590463477
228 611 295 50 85 140 0 0 100
195 705 253 49 74 318 12.8561545165026 33.6455172764395 15.2499368807744
236 755 305 71 41 223 27.5870726418075 56.7323769186629 7.19862988797353
225 615 300 79 8 92 6.97921214199755 30.1120032978571 2.29850384502925
230 683 303 73 26 301 21.0417117605396 45.191236547904 1.89374454693963
267 626 332 98 13 117 38.5910504355543 45.2311169504259 6.23618818259813
155 556 238 59 73 214 16.9632526340064 8.57679502220993 65.7539377527658
283 726 351 72 26 87 28.1773422390532 70.0754771160508 0.691668073277936
217 561 309 100 0 127 18.3252387325676 25.4177695465782 22.8214318454149
234 639 309 54 39 128 29.9241148166677 48.1240846383729 20.7425718944646
202 768 260 42 109 198 19.9808152172951 35.8182993663702 10.9597181086243
213 633 289 80 10 277 14.8630033336222 26.9157741247301 7.42186607900295
211 495 312 105 0 300 24.8870815702984 25.9230978233899 35.6000757340878
253 636 322 100 23 67 60.3270424916322 24.8356930672594 13.8234724345957
129 603 207 86 49 276 10.1344363359577 20.8147175647652 14.9383091485257
158 596 236 72 28 232 8.90628171998912 24.4225151698149 9.14317755151645
198 566 278 73 7 65 14.3868134737435 33.8794130807493 8.50970623485232
145 603 224 63 37 310 16.6237675524801 28.6118041163252 26.4635501091564
240 582 324 89 30 108 19.3973675583937 41.1263260352748 15.7220698841765
215 663 255 29 335 503 0 0 100
173 697 252 39 113 152 8.49782016693453 37.0206505873866 8.10402522967633
215 656 286 97 15 189 12.674451958821 27.8932070028539 9.54880861192051
208 538 301 101 0 141 11.9314731148704 21.1449650551952 23.3005773588744
252 645 328 120 4 77 57.0585483234026 30.7218758243992 11.3333712569483
201 520 282 98 7 172 17.8231889472749 31.3526899940328 24.5361274900482
197 524 284 102 4 126 11.3528630460144 29.1820661643084 5.15841637651687
171 644 226 48 142 426 19.0631152334805 23.0879628956363 44.0651956893308
269 651 334 127 3 70 21.7539794848692 68.294516365588 0.453460072379162
217 627 233 51 143 402 0 0 0
NA NA NA NA NA NA NA NA NA
239 614 317 54 50 139 21.9118096919853 48.5328257039886 16.2687671392173
258 507 351 91 1 92 29.0268198046649 44.2978137144275 26.6753675703367
218 651 233 53 128 396 0 0 0
264 605 333 54 68 147 19.7136141082655 74.2261449681022 6.0602383406538
223 627 296 91 6 237 14.5366229217662 39.9691448253978 6.63205107319078
224 716 295 47 66 162 13.2644177236467 40.4618027358871 8.64981064697631
214 630 282 67 21 89 16.8277446017495 31.0900362730212 5.74248961674463
185 556 266 52 63 190 15.2458022733897 17.5440198100229 51.988365537916
231 550 310 70 26 264 25.2289862147608 33.9745078230712 29.8374403608701
187 668 262 73 137 311 9.24830178185751 12.0981148200821 27.7943206365371
190 509 285 102 0 52 18.6393052050239 45.4570574799548 21.0590865277821
185 722 257 40 140 349 7.91132270488323 41.650494299783 6.86567535498447
231 583 311 89 31 192 18.660219741486 47.3441876558388 13.1003181702561
242 573 305 80 32 313 11.8889949991544 7.29974143657761 80.7697378809373
268 656 334 118 3 69 12.452770431266 71.8837606758774 0.11285392389993
188 594 268 73 24 165 9.88402532377392 34.1267793752595 9.61156773795182
226 580 315 105 0 84 26.0221756872825 33.5266732095597 14.4867049993566
123 634 185 56 62 234 18.2293834858288 24.740063820436 49.8764127216099
232 556 304 87 34 269 22.574903402824 11.454813458843 65.811642529091
185 673 247 33 126 156 17.8757693313226 27.4658389596988 24.2078401477306
273 622 347 111 4 90 50.5636885812152 36.9723274854502 9.32430114585924
239 636 316 59 44 137 31.4156867016415 44.2353306355813 21.9990052900496
191 515 274 97 0 39 14.6918085903753 32.8081693368715 7.82844181290113
260 585 321 73 43 105 22.0544774986566 64.3426795645572 9.04379240030792
286 728 356 63 23 50 11.6688080015155 29.4331177387148 0.423383828188294
229 550 320 92 0 56 13.56308184763 45.5725924675395 22.584823628966
246 480 326 101 0 46 0 0 0
222 744 243 66 39 63 0 0 0
246 491 323 95 0 45 0 0 0
209 628 287 35 118 222 21.4431731350167 9.32951224462958 54.0000795901882
261 632 323 99 18 123 44.6843409468414 38.4713056681369 11.4255648323464
217 645 231 53 135 422 0 0 0
198 539 290 102 1 171 7.80409527276527 16.1509967713038 49.9095049804724
218 730 260 31 298 556 0.00666737627479906 0 99.9933324709845
190 569 270 90 19 145 16.7575496871566 15.55369698766 52.801143497325
280 602 360 119 3 50 28.5486818217222 37.2737277443767 11.0948563458435
274 639 342 43 57 131 41.7533268153316 24.2361000211744 34.0105731208176
219 695 293 59 41 113 12.4905561727329 35.8723386740938 6.00039623698886
206 499 305 103 0 57 28.86424488929 31.0948298562203 32.7004463599582
101 692 176 54 242 419 20.2572996859107 33.9754121585496 39.2035475643574
242 575 309 87 31 246 25.4459463246401 31.616164335497 42.0197074214141
149 678 228 47 107 182 14.8454953122185 31.9142289097492 25.1232823163784
185 661 265 44 134 211 12.8222556145275 34.7876140523561 14.93208282649
147 625 206 52 256 646 8.21373169481894 15.6018877735889 64.9357588567358
300 724 369 81 13 74 0 0 0
181 640 257 86 8 199 6.50853263741709 25.85073285508 5.90833469060556
208 675 272 108 12 195 21.6506550334485 31.9005068402948 13.9971235327943
232 774 271 27 295 562 0 0 100
244 567 313 90 19 213 25.623971308415 37.2040671639268 20.0789794017548
275 621 347 105 7 26 9.49877060671197 41.3314276617136 0.3022371156027
236 640 309 85 12 207 14.6181167285746 44.8702421840173 5.28224814945344
224 593 297 67 10 117 12.0275837421599 12.5839071597556 75.3885077690699
221 696 272 27 181 281 9.85686015295719 4.88736562882952 85.2473410881707
274 639 340 123 3 71 24.446592013892 63.9867034186044 2.47352402540798
268 753 336 76 31 147 20.5228792155888 70.3216015981859 1.39793586659482
183 705 256 42 110 152 6.04889025983041 19.8070149167685 7.30050314863561
206 791 256 41 163 170 4.18806829128672 10.2223646168654 8.25172393726561
240 644 317 76 17 150 0 1.58294811648312 0
278 708 349 89 4 45 22.7306288345399 68.8915238660703 0.0792504340971719
218 627 293 107 18 159 47.5896581585522 24.8343464605295 20.6928368153776
224 691 288 41 120 126 17.2881206092727 37.535571736436 18.1178985628897
159 597 239 103 30 171 13.1380297483233 28.2294701006264 16.5432907644038
239 471 326 97 7 124 0 0 0
193 505 281 102 0 39 12.5242967440147 31.6090567474417 7.88056985575143
241 597 327 89 0 38 22.2737928747494 63.4001711527025 0.60450727285131
211 734 268 51 129 163 10.6013050506391 36.3201640180734 6.06306167883077
226 620 309 106 28 108 52.2146770742114 25.1643796093037 21.0290943247489
199 809 242 28 216 481 5.73902520331765 0.404241707071852 81.9961690867371
240 603 320 48 71 198 27.5627223304626 37.6855608502704 20.5128955031179
197 631 265 39 114 246 16.9470562849119 29.8143386509985 34.4973653844811
219 522 311 98 0 188 14.213445390903 23.8262017352586 29.4016926021881
234 590 314 61 29 67 0.37352657154804 0.491343332474736 98.1363283335819
273 743 341 79 29 137 30.3583899517897 65.0308734320931 3.12135947761452
229 624 292 48 79 185 31.1427666338965 46.9841200315227 21.7258135934727
199 647 273 62 19 110 16.8785548442182 34.3071327240261 22.4884018124247
192 735 253 47 69 250 12.5299069965351 36.1027029686148 11.6634193949752
210 607 293 97 0 111 4.5092735572726 67.2806368371671 1.99237449942267
237 481 323 101 0 155 9.08951935792661 36.0857500554615 4.75704117331954
259 623 314 77 31 269 17.4343669590172 36.829735560741 20.3119883019845
190 556 275 93 27 180 14.0423393428977 22.7003629029545 16.5652733412513
163 562 235 64 55 267 9.04824966507381 1.2144515599279 88.6737134925734
213 565 300 80 2 132 14.3672995954729 24.1704575562241 49.4245030716525
242 650 317 53 46 128 26.6817638842028 52.500104894563 20.6997258871241
195 637 267 59 24 144 16.4743529414322 31.6335874203059 16.681660302286
205 645 280 86 12 222 21.9501023655275 28.0992775811352 17.7885579551802
233 613 309 44 98 124 14.8032231271601 33.8907587776472 10.6307864698913
204 563 276 89 14 325 21.3952367457985 21.465773485117 28.982537314209
196 641 270 66 18 125 13.5547706581712 21.3743242583435 46.8642124789848
208 523 287 90 24 226 20.9521443041972 17.8611604673503 50.2858308796849
189 678 273 41 124 214 24.3341442078156 19.0244199070999 29.2513152252631
180 658 248 55 42 211 5.72831476278456 19.0699444849306 4.77334417816796
266 499 363 95 0 63 17.8238000225927 70.9735996679301 4.65198579894812
232 633 302 87 38 125 46.7317266287896 26.8123983829137 20.1698804447371
265 555 321 57 43 99 18.8467452989968 36.953958414477 18.890381595508
220 602 297 93 28 163 22.1251640796919 49.5529066954646 4.18276021385188
248 714 315 57 51 119 39.9761268426205 39.9781759053623 19.362251076651
229 550 316 95 18 136 21.5913890115108 24.1530499073298 54.0491183426263
190 568 271 89 21 154 16.7821375938756 22.6413254166168 41.860538451052
263 684 332 97 31 165 18.6148889717119 77.8192120228514 1.22094197870379
199 661 275 72 24 153 20.5388462285502 24.2520187731162 11.6031139778671
207 677 283 68 26 82 12.9458249249804 41.3854920630129 10.5674889041385
228 637 305 119 13 123 50.2874633608426 27.2017772973183 12.6551757958726
221 551 299 98 7 389 29.6535469709324 20.8036887852451 44.2927524313529
233 629 310 53 46 141 32.7633185119681 44.3594312066383 22.4298278566557
245 482 328 100 0 52 0 0 0
255 660 316 114 6 143 54.4132663683402 26.2866338471141 17.9160912589173
220 624 295 87 14 236 28.8827804583335 33.5767982571432 8.72013064796011
256 627 310 80 40 254 23.5734410480074 35.4786018863474 28.2431533710408
264 560 322 57 54 100 25.0300296915028 38.597370829383 10.8202784585088
289 692 362 90 5 30 19.0264445436153 39.362454135101 1.38475435662645
217 618 301 70 56 89 30.0950069193199 44.0368689345205 9.84948028766637
206 535 299 101 0 188 15.1713289059553 19.5441469734869 22.1593116201439
213 719 266 28 184 184 0 0.0747074775138235 99.925290811037
229 808 276 31 157 217 0 0 0
250 657 317 40 90 109 0 0 0
194 651 271 79 15 200 19.9255331242486 37.9587661730522 8.76442160494952
203 630 273 80 45 176 21.7116101787978 29.7359108618142 31.3218760688169
225 526 318 96 0 40 14.6149894864391 26.4726600218643 41.2637722924232
290 705 361 82 11 64 24.639060788736 68.4847452575814 0.827003972665442
186 610 251 66 92 290 15.831856363015 10.9292814281707 67.8158948584895
218 664 285 103 14 211 12.4379113693838 15.2803478967635 8.02092306298606
229 656 274 39 170 563 0 0 100
216 645 295 76 18 139 21.4575994723352 43.9384247345158 10.0364815185292
240 524 339 107 3 72 24.3355191423042 35.450153218169 34.6079003279746
216 563 299 50 73 167 15.6419742404968 35.6427467131078 13.1470831425032
234 576 303 66 8 98 9.5482705246923 12.2632040542398 78.1885272812025
205 499 307 107 0 262 15.7207687977024 26.374365110581 21.360565389274
274 636 341 123 3 71 8.49107470290014 86.014109277567 0
236 604 305 92 15 105 35.5377118633604 33.8067526683319 15.4419663472515
227 669 291 71 19 117 10.1830579260999 26.6461876029602 6.15550210120276
219 623 279 44 85 191 26.9066223735929 49.3269629794845 20.9193930774222
160 600 242 104 26 260 7.87793690240559 17.5094237268532 11.1619513717984
222 730 242 68 32 60 0 0 0
220 613 296 71 8 64 15.1586501666486 33.0689349474529 15.7061591855618
245 482 330 103 0 37 0 0 0
267 746 334 86 32 160 6.12684729293843 89.0137265469584 0
202 567 286 80 3 38 12.356917435689 19.9488825989997 47.8311735320224
200 528 291 89 1 129 15.056814309273 33.3638519179319 18.3622377507666
269 656 333 123 3 80 34.724898838205 53.2608491898775 1.39308988243722
217 702 252 57 63 153 0 0 0
211 497 312 104 0 255 21.8632345092299 42.0965798374689 19.3679662804729
206 601 280 49 72 171 18.0698333540484 35.5725281865338 17.0956502496728
229 702 291 57 49 169 6.00904273449331 40.5211283980205 4.69011210607255
221 731 267 42 176 299 0.00784605994679101 0.0227535736738283 0.00549224202004225
275 622 349 117 4 99 54.2393565495284 26.4017320297016 12.8881396839549
292 719 361 88 4 61 18.4568434336343 47.500802652914 0.330515290999246
205 781 259 44 147 172 18.6585673456271 36.722205849344 21.9487255094362
234 596 306 64 21 134 1.76972723702687 3.63671072354165 94.5935640113126
259 510 359 100 0 46 30.1131886067657 59.8372746202883 9.55784546305511
214 741 246 55 152 157 0 0 0
254 634 324 95 16 50 59.403833807414 31.8278098820336 7.26887051796678
254 718 314 121 0 131 32.5687947784375 61.1438644089711 3.58901858473973
215 575 298 76 6 48 20.0488591829871 16.2421201792847 57.7409785525107
241 598 311 97 12 130 33.0904728210688 36.3978110303864 21.3155710384051
191 723 264 49 52 94 18.8138061993854 38.8701535059346 17.8591556805432
269 663 347 77 18 69 17.2340468143937 61.907237547984 0.879287530899107
229 549 302 65 36 227 16.6678237543081 42.897173519946 6.76364654431164
195 751 255 39 105 185 7.08394590924903 17.0836300468939 2.72016572164006
218 509 285 67 145 154 21.1909371623438 25.3507015128457 47.2915148168637
276 724 347 48 57 97 26.4713215744314 58.0391299126032 3.93536724869333
210 498 311 104 0 236 22.9233010401778 34.6806027035543 35.7188478196937
195 616 262 50 89 278 6.27267362162213 8.04482955128903 84.3148496199264
239 575 329 96 0 153 14.742078945372 56.7590547428116 0.982098296055844
157 663 235 64 110 217 11.3005194818445 12.6190206664997 44.2473405273533
226 525 311 95 0 69 28.6536351148149 28.7160598325032 32.5279400360112
182 543 259 92 21 237 9.77138202177266 5.10647929624449 82.1659338922227
243 598 315 60 24 102 0 0 0
248 546 319 90 27 439 9.04758657937378 35.5079834048907 8.8536630043173
258 516 347 85 4 42 23.3490488303352 59.8276821904026 16.8232678805806
197 644 270 58 21 131 16.6149402723407 30.8603453975328 26.2422891913076
151 696 231 37 187 289 14.4142075697284 22.3141791864026 25.7573846580772
203 621 275 44 142 361 21.8783690518425 32.5649464726336 24.5903567461651
156 592 236 76 63 285 9.09337925313726 26.2713117242479 11.917337385067
219 594 278 77 37 354 26.8711687453826 21.6662758022286 29.9559064802812
223 575 284 50 94 188 0.413588084984154 0.219125591532461 99.3672850417232
210 681 269 59 37 182 1.05732982302527 0.681938982862798 98.101204014501
247 620 311 42 74 161 30.2337922789862 40.8093809435168 28.9120106798308
223 627 293 87 6 242 15.1437209533116 32.8938020660817 4.75297638736703
238 551 309 87 46 279 26.5889597141746 7.82196065855675 65.3644804965814
178 824 221 28 326 595 12.6403166660309 10.710048507104 50.5221716340755
228 521 307 96 0 51 20.7551618436036 16.1425930913782 62.4627812725225
230 553 308 68 25 202 30.2802297725188 34.6273269042789 18.4467067722817
240 625 318 52 46 134 16.9409749235785 71.9509012875538 11.1081234289592
205 650 266 33 174 207 0.0644174274933595 0 99.9355827838691
285 696 352 53 48 118 23.3694223936677 36.8037648292965 39.5192297032731
222 524 315 100 4 125 11.6384197941363 49.9623304753126 3.85447499370792
219 588 301 116 0 57 11.5937505167026 29.4053012709662 3.439087431473
215 602 287 85 36 280 15.3584858934776 32.3578897164013 7.73531051391563
163 747 222 46 98 332 15.860500918334 37.265295320263 14.6053817322962
211 676 295 43 143 206 23.4548491515104 32.7302497048195 36.723378276909
225 617 298 78 8 101 8.41134468546833 27.755805383668 4.33330208702732
240 584 301 78 50 479 13.9337364711469 3.29009285020637 82.7761711206626
281 654 348 42 61 141 11.5751659846291 88.27820454599 0.00469511939993033
218 736 259 27 368 727 0 0 100
195 570 268 67 17 103 18.5883256765574 40.1652544337622 11.6197744935467
217 675 263 31 213 346 0 0 100
215 589 277 76 19 300 12.1248567897423 28.2143460811355 8.13135227724285
212 496 313 106 0 253 25.2801454301252 30.8477858846632 28.1965344552423
239 515 312 57 66 206 24.1877102038562 19.5202022926182 37.4125870799144
210 726 282 33 153 165 17.0738554351751 43.1626322300504 7.38261282235587
222 597 309 74 39 156 22.1786326456042 36.9432011755656 16.378218744795
238 534 335 105 4 71 18.6934213384702 38.9806263798025 15.7848060838281
207 797 249 31 259 524 0.0233025347693515 0 99.9766969321094
227 631 300 78 8 96 8.58965383922338 30.7207369294433 4.0708123075128
209 532 297 92 3 146 22.3536259877146 19.0808133491497 57.3591516218028
268 507 322 73 33 95 23.9289748550713 32.4275857182985 40.4469717820416
225 684 293 70 22 116 7.76897299167018 33.3303287451615 3.8950449539443
184 615 251 57 56 198 17.371386436469 34.8881129837396 26.2015373508203
259 629 330 103 10 35 43.3145868054283 45.2039744875924 4.33080107866639
268 491 312 80 47 109 12.5017848924349 57.0906340782931 15.1693566556136
174 697 251 34 117 158 10.2387435121327 47.5117081651598 6.25367988247653
155 602 236 98 29 252 8.95957463462263 24.4157699202267 10.7666822203351
222 588 302 66 20 146 12.0472039928548 11.2630170859925 76.6866422808285
234 787 279 35 111 298 0.379815381657075 0.15985240556461 98.9852144524516
221 639 262 32 253 440 2.10275944535627 3.12078195780528 93.4569221330063
204 600 277 67 56 273 13.8809522736907 28.5915735517859 12.850907700161
212 597 297 102 0 108 10.6768578468934 39.6955050357859 5.52773032719393
207 657 278 68 14 104 14.7272379730705 31.7396691676203 5.65299964006627
191 743 260 70 90 445 22.8800540047353 25.1258378723625 33.0017512275431
226 713 296 53 50 163 15.9721865433531 25.6354771376719 32.2242066350944
271 619 350 125 4 64 37.5815907456557 47.8132371610648 2.53985910631815
241 592 319 60 33 74 21.6423409548056 66.2714342702691 12.0689896871558
214 641 277 50 71 215 2.54462294036565 0.336968663847319 96.772263356978
235 611 321 60 48 139 28.4166353019432 27.6966433267922 42.5530250914942
233 469 318 99 9 143 13.4215575305992 32.0426148860399 9.48806387949269
184 575 261 66 52 161 6.04734978324652 2.0186957117874 90.5704096197008
220 683 270 55 36 156 0 0 0
219 586 294 81 17 226 23.8289793235697 32.0849418821674 18.3286197383792
230 629 302 99 26 173 58.8084273845478 17.8350058014154 23.2259069950705
204 497 302 103 0 64 21.5899823786616 35.9078458337355 37.7423662914476
220 641 288 82 53 168 16.9960093073465 40.7270995382936 12.9080340026985
193 587 273 90 35 171 10.1978061338506 25.1916611062508 10.8992809811956
251 678 327 78 29 124 50.2053453352971 26.1834344807744 23.5583675991303
266 709 338 49 55 88 26.1026836997248 61.2353600867975 5.57296301234677
261 640 333 103 14 116 15.2385934361536 77.439666344915 0.0868502939417634
220 746 261 26 353 660 0 0 100
220 648 261 29 279 474 0 0 100
257 657 319 111 6 130 51.5455918430971 31.7005498067891 12.6117972590095
265 683 330 110 6 102 12.6470501754975 72.875423577058 0.000651600468007212
254 658 315 114 6 143 59.1332853018181 14.1154754546882 26.1140782940587
266 695 343 42 62 98 39.4254712848384 52.4029682103649 7.83576187817428
262 467 314 63 100 185 19.8661747539982 29.1753051391182 31.4443290508765
235 649 315 49 64 115 40.8262898714009 29.4828767517194 29.6156073821268
231 540 303 61 51 213 19.5646150278335 37.2133915918701 6.98175479813581
189 731 248 44 60 211 18.5116686757125 32.9771279897635 15.63285111345
108 804 156 38 182 397 16.3157535876658 16.2114762993507 53.9570699430807
213 604 296 92 34 74 37.1065151870218 32.1478276691623 14.6170412286722
228 562 317 91 0 66 16.344563596128 25.4960860350807 29.3452678151907
202 577 286 83 42 161 19.4110772411561 32.1878080525955 29.8999030510292
262 524 343 80 17 58 13.9219322531048 63.7565304774803 20.9916139966902
203 763 241 35 264 1016 0.00665906782278411 0.0201126108859435 99.9732277079876
208 497 309 97 6 228 20.0216049774355 24.7461136382429 22.3221830485704
269 625 342 105 29 63 27.8819833406936 67.0872744086467 1.59165143163842
144 589 219 46 68 269 8.75123297965053 14.9558904730097 5.4421831218826
248 629 314 41 77 152 29.2863869554878 39.4619401559191 31.2433397166103
175 764 231 35 99 143 8.69103811421555 24.982198520937 16.974617321708
247 545 313 59 35 143 26.1312385165162 43.4614886216186 9.80435461802351
173 605 242 82 59 291 17.4283091212431 22.7052735093728 39.6989272740193
165 553 249 51 84 213 18.7134561672833 19.2173517407091 39.1876978475338
246 715 319 45 70 110 43.5036736129195 46.6590303220655 9.82908040276037
141 533 225 91 19 238 17.5967821581544 34.0139373265781 25.1051618910188
185 497 274 103 5 116 17.0815545038199 27.5530023356135 22.5551349270719
237 582 297 71 36 340 20.4790935612396 37.293145835854 11.8040149444906
258 651 337 72 42 115 34.9647721427986 59.4992361603728 2.8180044452476
218 609 275 33 185 189 0 0 100
229 553 318 91 0 62 19.9703613964545 26.4788110343893 35.8140891133994
250 512 348 96 1 74 28.6280310534847 39.9661914680534 31.3009674466377
256 633 328 105 11 123 50.0197158501269 13.0515238112651 36.8691276934746
238 583 307 67 56 123 22.1181737296244 11.9962366575131 64.9901229251508
222 564 312 81 2 120 20.3211804215928 23.9080547113859 41.8814212722433
260 564 319 58 62 112 26.0539744848575 45.2867266600374 10.5215272884486
232 528 325 95 10 118 24.8053523395521 46.4089765519618 27.9059186822504
284 708 351 72 33 109 25.6349456799416 64.9564397411147 1.93940643557953
215 627 285 81 55 177 30.6328302201262 34.2501690109218 16.3459809331485
139 539 227 82 28 289 17.1631860794554 30.6967761099053 31.798268113677
258 631 336 85 54 91 6.95494631367508 88.4960881473268 0
234 627 316 108 20 103 47.4845329603289 24.364894789746 25.4270433545839
193 577 270 102 3 284 24.229723152216 25.6233835297503 32.0308762579316
261 625 333 107 9 95 12.8558901860604 78.3109337521878 0.39739604995498
178 603 251 74 72 445 18.0450964750819 9.63892703241394 61.4515345550423
279 690 346 45 50 139 16.0779228085044 76.6482536418031 1.17001723662229
199 515 279 99 0 42 12.7434282016851 29.1305321715519 18.0405855864179
218 570 299 70 9 55 9.04086991222014 58.9603402178606 24.5506398294688
237 629 308 45 91 106 17.0398544993819 34.7535863772967 7.9841817816999
219 637 292 40 141 267 19.8640656899392 33.2125532494232 26.6778986899415
176 632 238 50 104 326 15.1994095378938 29.9612046991271 27.663038740552
279 637 349 50 85 192 30.7161021476699 54.410677528988 14.8732193665992
156 798 203 30 263 357 10.636275609978 46.3038863018853 21.4204601362679
211 587 293 109 33 132 18.8377286640719 22.9586004795536 15.9504523425883
215 578 304 102 0 118 20.7450446971844 30.4985451695669 12.1777177279622
190 735 259 47 91 284 18.5567219174583 48.697356114366 7.18567456330914
185 640 253 76 57 200 12.6535438459544 25.1964950753932 7.34507980613262
168 777 213 29 178 271 14.6337149432129 29.9047956657849 29.8149952917789
237 564 325 110 0 69 32.7017629943263 37.9099728601986 10.6048529095395
288 703 360 86 15 76 7.11105770225745 3.69979368859451 0
197 600 276 66 25 232 12.4864685587709 35.4203819248052 4.81804934328958
179 593 260 95 61 246 12.273722816612 19.8767218237702 13.3270939769242
